0.00    1.4500    0.0000    1.0200 0.5
1.0   5.8   3.36   3.0576   0.5
2.0   5.8   3.36   3.0576   0.5
3.0   5.8   3.36   3.0576   0.5
4.0   5.8   3.36   3.0576   0.5
5.0   5.8   3.36   3.0576   0.5
6.0   5.8   3.36   3.0576   0.5
7.0   5.8   3.36   3.0576   0.5
8.0   5.8   3.36   3.0576   0.5
9.0   5.8   3.36   3.0576   0.5
10.0   5.8   3.36   3.0576   0.5
11.0   5.8   3.36   3.0576   0.5
12.0   5.8   3.36   3.0576   0.5
13.0   5.8   3.36   3.0576   0.5
14.0   5.8   3.36   3.0576   0.5
15.0   5.8   3.36   3.0576   0.5
16.0   5.8   3.36   3.0576   0.5
17.0   5.8   3.36   3.0576   0.5
18.0   5.8   3.36   3.0576   0.5
19.0   5.8   3.36   3.0576   0.5
20.0   5.793   3.191   2.6   0.5
21.0   5.793   3.191   2.6   0.5
22.0   5.793   3.191   2.6   0.5
23.0   5.793   3.191   2.6   0.5
24.0   5.793   3.191   2.6   0.5
25.0   5.793   3.191   2.6   0.5
26.0   5.793   3.191   2.6   0.5
27.0   5.793   3.191   2.6   0.5
28.0   5.793   3.191   2.6   0.5
29.0   5.793   3.191   2.6   0.5
30.0   5.793   3.191   2.6   0.5
31.0   5.793   3.191   2.6   0.5
32.0   5.793   3.191   2.6   0.5
33.0   5.793   3.191   2.6   0.5
34.0   5.793   3.191   2.6   0.5
35.0   8.03999765029038   4.469998923402919   4.067699020296656   0.3
36.0   8.040115297441533   4.470351864071574   4.068020196305133   0.3
37.0   8.040232944592686   4.47070480474023   4.0683413723136095   0.3
38.0   8.04035059174384   4.471057745408884   4.068662548322084   0.3
39.0   8.040468238894993   4.471410686077538   4.06898372433056   0.3
40.0   8.040585886046147   4.471763626746194   4.069304900339036   0.3
41.0   8.0407035331973   4.472116567414849   4.069626076347513   0.3
42.0   8.040821180348454   4.4724695080835035   4.0699472523559885   0.3
43.0   8.040938827499609   4.472822448752158   4.0702684283644635   0.3
44.0   8.041056474650762   4.473175389420813   4.07058960437294   0.3
45.0   8.041174121801916   4.473528330089468   4.070910780381416   0.3
46.0   8.04129176895307   4.473881270758122   4.071231956389891   0.3
47.0   8.041409416104223   4.4742342114267775   4.071553132398368   0.3
48.0   8.041527063255376   4.474587152095433   4.071874308406844   0.3
49.0   8.04164471040653   4.474940092764087   4.072195484415319   0.3
50.0   8.041762357557683   4.475293033432742   4.072516660423795   0.3
51.0   8.041880004708837   4.475645974101397   4.072837836432272   0.3
52.0   8.04199765185999   4.475998914770052   4.0731590124407475   0.3
53.0   8.042115299011146   4.476351855438707   4.073480188449223   0.3
54.0   8.042232946162299   4.476704796107361   4.073801364457699   0.3
55.0   8.042350593313452   4.4770577367760165   4.074122540466175   0.3
56.0   8.042468240464606   4.477410677444671   4.074443716474651   0.3
57.0   8.04258588761576   4.477763618113326   4.0747648924831275   0.3
58.0   8.042703534766913   4.478116558781981   4.075086068491602   0.3
59.0   8.042821181918066   4.478469499450636   4.075407244500079   0.3
60.0   8.04293882906922   4.47882244011929   4.075728420508554   0.3
61.0   8.043056476220373   4.479175380787945   4.07604959651703   0.3
62.0   8.043174123371529   4.4795283214566   4.0763707725255065   0.3
63.0   8.043291770522682   4.4798812621252555   4.076691948533982   0.3
64.0   8.043409417673836   4.48023420279391   4.077013124542458   0.3
65.0   8.043527064824989   4.480587143462564   4.077334300550934   0.3
66.0   8.043644711976143   4.48094008413122   4.07765547655941   0.3
67.0   8.043762359127296   4.481293024799875   4.077976652567886   0.3
68.0   8.04388000627845   4.4816459654685294   4.078297828576362   0.3
69.0   8.043997653429603   4.481998906137184   4.078619004584837   0.3
70.0   8.044115300580756   4.482351846805839   4.078940180593314   0.3
71.0   8.04423294773191   4.482704787474494   4.07926135660179   0.3
72.0   8.044350594883065   4.483057728143148   4.079582532610265   0.3
73.0   8.044468242034219   4.483410668811803   4.079903708618741   0.3
74.0   8.044585889185372   4.483763609480459   4.080224884627218   0.3
75.0   8.044703536336526   4.484116550149113   4.080546060635693   0.3
76.0   8.044821183487679   4.484469490817768   4.080867236644169   0.3
77.0   8.044938830638833   4.484822431486423   4.0811884126526445   0.3
78.0   8.045056477789986   4.485175372155078   4.081509588661121   0.3
79.0   8.04517412494114   4.485528312823733   4.081830764669597   0.3
80.0   8.045291772092293   4.485881253492387   4.082151940678072   0.3
81.0   8.045409419243448   4.486234194161042   4.082473116686549   0.3
82.0   8.045527066394602   4.486587134829697   4.0827942926950245   0.3
83.0   8.045644713545755   4.486940075498351   4.083115468703499   0.3
84.0   8.045762360696909   4.487293016167007   4.083436644711976   0.3
85.0   8.045880007848062   4.487645956835662   4.083757820720453   0.3
86.0   8.045997654999216   4.487998897504316   4.084078996728928   0.3
87.0   8.046115302150369   4.488351838172971   4.0844001727374035   0.3
88.0   8.046232949301523   4.488704778841626   4.08472134874588   0.3
89.0   8.046350596452676   4.489057719510281   4.085042524754356   0.3
90.0   8.046468243603831   4.489410660178936   4.085363700762832   0.3
91.0   8.046585890754985   4.48976360084759   4.085684876771308   0.3
92.0   8.046703537906138   4.490116541516246   4.0860060527797835   0.3
93.0   8.046821185057292   4.490469482184901   4.08632722878826   0.3
94.0   8.046938832208445   4.490822422853555   4.086648404796736   0.3
95.0   8.047056479359599   4.49117536352221   4.086969580805211   0.3
96.0   8.047174126510752   4.491528304190865   4.087290756813688   0.3
97.0   8.047291773661906   4.49188124485952   4.0876119328221625   0.3
98.0   8.047409420813059   4.492234185528174   4.087933108830638   0.3
99.0   8.047527067964214   4.492587126196829   4.088254284839115   0.3
100.0   8.047644715115368   4.492940066865485   4.088575460847591   0.3
101.0   8.047762362266521   4.493293007534139   4.088896636856067   0.3
102.0   8.047880009417675   4.4936459482027935   4.0892178128645424   0.3
103.0   8.047997656568828   4.493998888871449   4.089538988873018   0.3
104.0   8.048115303719982   4.494351829540104   4.089860164881495   0.3
105.0   8.048232950871135   4.494704770208759   4.090181340889971   0.3
106.0   8.048350598022289   4.495057710877413   4.090502516898446   0.3
107.0   8.048468245173442   4.495410651546068   4.090823692906922   0.3
108.0   8.048585892324596   4.495763592214723   4.091144868915398   0.3
109.0   8.048703539475751   4.496116532883377   4.091466044923873   0.3
110.0   8.048821186626904   4.4964694735520325   4.09178722093235   0.3
111.0   8.048938833778058   4.496822414220688   4.0921083969408265   0.3
112.0   8.049056480929211   4.497175354889342   4.092429572949301   0.3
113.0   8.049174128080365   4.497528295557997   4.092750748957777   0.3
114.0   8.049291775231518   4.497881236226652   4.093071924966253   0.3
115.0   8.049409422382672   4.498234176895307   4.09339310097473   0.3
116.0   8.049527069533825   4.498587117563962   4.093714276983206   0.3
117.0   8.049644716684979   4.498940058232616   4.0940354529916805   0.3
118.0   8.049762363836134   4.4992929989012715   4.094356629000157   0.3
119.0   8.049880010987287   4.499645939569927   4.094677805008634   0.3
120.0   8.050003291477005   4.5   4.095   0.2
121.0   8.052781068905979   4.5002   4.095182   0.2
122.0   8.05555884633495   4.500400000000001   4.095364000000001   0.2
123.0   8.058336623763928   4.5006   4.095546000000001   0.2
124.0   8.061114401192903   4.5008   4.095728   0.2
125.0   8.063892178621877   4.501   4.095910000000001   0.2
126.0   8.066669956050852   4.501200000000001   4.0960920000000005   0.2
127.0   8.069447733479826   4.5014   4.096274   0.2
128.0   8.072225510908801   4.501600000000001   4.096456000000001   0.2
129.0   8.07500328833778   4.5018   4.0966380000000004   0.2
130.0   8.077781065766754   4.502000000000001   4.096820000000001   0.2
131.0   8.080558843195728   4.5022   4.097002000000001   0.2
132.0   8.083336620624703   4.502400000000001   4.097184   0.2
133.0   8.086114398053677   4.5026   4.097366   0.2
134.0   8.088892175482652   4.502800000000001   4.097548000000001   0.2
135.0   8.091669952911626   4.503   4.09773   0.2
136.0   8.094447730340605   4.5032000000000005   4.097912000000001   0.2
137.0   8.097225507769576   4.5034   4.098094000000001   0.2
138.0   8.100003285198554   4.5036000000000005   4.098276   0.2
139.0   8.102781062627528   4.5038   4.098458   0.2
140.0   8.105558840056503   4.5040000000000004   4.0986400000000005   0.2
141.0   8.108336617485477   4.504200000000001   4.098822000000001   0.2
142.0   8.111114394914452   4.5044   4.099004000000001   0.2
143.0   8.113892172343427   4.5046   4.099186   0.2
144.0   8.116669949772405   4.5048   4.099368   0.2
145.0   8.11944772720138   4.505000000000001   4.099550000000001   0.2
146.0   8.122225504630354   4.5052   4.099732   0.2
147.0   8.125003282059328   4.5054   4.099914   0.2
148.0   8.127781059488303   4.5056   4.100096000000001   0.2
149.0   8.130558836917277   4.505800000000001   4.100278000000001   0.2
150.0   8.133336614346252   4.506   4.10046   0.2
450.0   9.092   4.874  3.724   0.1
