 0.00    4.2000    2.2000    2.2280 0.5
 3.00    4.5000    2.4000    2.2280 0.3
 4.00    4.8000    2.7800    2.5800 0.3
 5.00    5.5000    3.1800    2.5800 0.3 
 8.00    6.2100    3.4000    2.6800 0.3 
17.00    6.8900    3.9800    3.0000 0.3  
25.00    7.8300    4.1200    3.2600 0.3
30.00    8.1010    4.5300    3.3810 0.2
35.00    8.1020    4.5400    3.3710 0.2
40.00    8.1030    4.5500    3.3790 0.2
45.00    8.1040    4.5600    3.3910 0.2
50.00    8.1050    4.7000    3.3790 0.2
55.00    8.1060    4.7500    3.3830 0.2
60.00    8.1070    4.7000    3.3770 0.2
65.00    8.1080    4.6100    3.3750 0.2
70.00    8.1090    4.6200    3.3650 0.2
75.00    8.1100    4.6300    3.3450 0.2
80.00    8.0050    4.5000    3.3850 0.2
85.00    8.0080    4.5100    3.3350 0.2
90.00    8.0100    4.5200    3.3950 0.2
95.00    8.1050    4.5300    3.3750 0.2
100.00   8.2050    4.5400    3.3650 0.2
115.00   8.4000    4.5500    3.3710 0.2
400.00   9.0920    4.8740    3.7240 0.1
