0.00    1.4500    0.0000    1.0200 0.5
1.0   1.45   0.0   1.02   0.5
2.0   1.45   0.0   1.02   0.5
3.0   5.793   3.191   2.6   0.5
4.0   5.793   3.191   2.6   0.5
5.0   5.793   3.191   2.6   0.5
6.0   5.793   3.191   2.6   0.5
7.0   5.793   3.191   2.6   0.5
8.0   6.3   3.5   2.75   0.5
9.0   6.3   3.5   2.75   0.5
10.0   6.3   3.5   2.75   0.5
11.0   6.3   3.5   2.75   0.5
12.0   6.3   3.5   2.75   0.5
13.0   6.3   3.5   2.75   0.5
14.0   6.3   3.5   2.75   0.5
15.0   6.792   3.889   2.9   0.5
16.0   6.792   3.889   2.9   0.5
17.0   6.792   3.889   2.9   0.5
18.0   6.792   3.889   2.9   0.5
19.0   6.792   3.889   2.9   0.5
20.0   6.792   3.889   2.9   0.5
21.0   6.792   3.889   2.9   0.5
22.0   6.792   3.889   2.9   0.5
23.0   6.792   3.889   2.9   0.5
24.0   6.792   3.889   2.9   0.5
25.0   8.101   4.479   3.381   0.3
26.0   8.101   4.479   3.381   0.3
27.0   8.101   4.479   3.381   0.3
28.0   8.101   4.479   3.381   0.3
29.0   8.101   4.479   3.381   0.3
30.0   8.101   4.479   3.381   0.3
31.0   8.101   4.479   3.381   0.3
32.0   8.101   4.479   3.381   0.3
33.0   8.101   4.479   3.381   0.3
34.0   8.101   4.479   3.381   0.3
35.0   8.101   4.479   3.381   0.3
36.0   8.101   4.479   3.381   0.3
37.0   8.101   4.479   3.381   0.3
38.0   8.101   4.479   3.381   0.3
39.0   8.101   4.479   3.381   0.3
40.0   8.091   4.473   3.379   0.3
41.0   8.091   4.473   3.379   0.3
42.0   8.091   4.473   3.379   0.3
43.0   8.091   4.473   3.379   0.3
44.0   8.091   4.473   3.379   0.3
45.0   8.091   4.473   3.379   0.3
46.0   8.091   4.473   3.379   0.3
47.0   8.091   4.473   3.379   0.3
48.0   8.091   4.473   3.379   0.3
49.0   8.091   4.473   3.379   0.3
50.0   8.091   4.473   3.379   0.3
51.0   8.091   4.473   3.379   0.3
52.0   8.091   4.473   3.379   0.3
53.0   8.091   4.473   3.379   0.3
54.0   8.091   4.473   3.379   0.3
55.0   8.091   4.473   3.379   0.3
56.0   8.091   4.473   3.379   0.3
57.0   8.091   4.473   3.379   0.3
58.0   8.091   4.473   3.379   0.3
59.0   8.091   4.473   3.379   0.3
60.0   8.079   4.465   3.377   0.3
61.0   8.079   4.465   3.377   0.3
62.0   8.079   4.465   3.377   0.3
63.0   8.079   4.465   3.377   0.3
64.0   8.079   4.465   3.377   0.3
65.0   8.079   4.465   3.377   0.3
66.0   8.079   4.465   3.377   0.3
67.0   8.079   4.465   3.377   0.3
68.0   8.079   4.465   3.377   0.3
69.0   8.079   4.465   3.377   0.3
70.0   8.079   4.465   3.377   0.3
71.0   8.079   4.465   3.377   0.3
72.0   8.079   4.465   3.377   0.3
73.0   8.079   4.465   3.377   0.3
74.0   8.079   4.465   3.377   0.3
75.0   8.079   4.465   3.377   0.3
76.0   8.079   4.465   3.377   0.3
77.0   8.079   4.465   3.377   0.3
78.0   8.079   4.465   3.377   0.3
79.0   8.079   4.465   3.377   0.3
80.0   8.005   4.377   3.375   0.3
81.0   8.005   4.377   3.375   0.3
82.0   8.005   4.377   3.375   0.3
83.0   8.005   4.377   3.375   0.3
84.0   8.005   4.377   3.375   0.3
85.0   8.005   4.377   3.375   0.3
86.0   8.005   4.377   3.375   0.3
87.0   8.005   4.377   3.375   0.3
88.0   8.005   4.377   3.375   0.3
89.0   8.005   4.377   3.375   0.3
90.0   8.005   4.377   3.375   0.3
91.0   8.005   4.377   3.375   0.3
92.0   8.005   4.377   3.375   0.3
93.0   8.005   4.377   3.375   0.3
94.0   8.005   4.377   3.375   0.3
95.0   8.005   4.377   3.375   0.3
96.0   8.005   4.377   3.375   0.3
97.0   8.005   4.377   3.375   0.3
98.0   8.005   4.377   3.375   0.3
99.0   8.005   4.377   3.375   0.3
100.0   8.005   4.377   3.375   0.3
101.0   8.005   4.377   3.375   0.3
102.0   8.005   4.377   3.375   0.3
103.0   8.005   4.377   3.375   0.3
104.0   8.005   4.377   3.375   0.3
105.0   8.005   4.377   3.375   0.3
106.0   8.005   4.377   3.375   0.3
107.0   8.005   4.377   3.375   0.3
108.0   8.005   4.377   3.375   0.3
109.0   8.005   4.377   3.375   0.3
110.0   8.005   4.377   3.375   0.3
111.0   8.005   4.377   3.375   0.3
112.0   8.005   4.377   3.375   0.3
113.0   8.005   4.377   3.375   0.3
114.0   8.005   4.377   3.375   0.3
115.0   7.984   4.363   3.371   0.3
116.0   7.984   4.363   3.371   0.3
117.0   7.984   4.363   3.371   0.3
118.0   7.984   4.363   3.371   0.3
119.0   7.984   4.363   3.371   0.3
120.0   7.984   4.363   3.371   0.3
121.0   7.984   4.363   3.371   0.3
122.0   7.984   4.363   3.371   0.3
123.0   7.984   4.363   3.371   0.3
124.0   7.984   4.363   3.371   0.3
125.0   7.984   4.363   3.371   0.3
126.0   7.984   4.363   3.371   0.3
127.0   7.984   4.363   3.371   0.3
128.0   7.984   4.363   3.371   0.3
129.0   7.984   4.363   3.371   0.3
130.0   7.984   4.363   3.371   0.3
131.0   7.984   4.363   3.371   0.3
132.0   7.984   4.363   3.371   0.3
133.0   7.984   4.363   3.371   0.3
134.0   7.984   4.363   3.371   0.3
135.0   7.984   4.363   3.371   0.3
136.0   7.984   4.363   3.371   0.3
137.0   7.984   4.363   3.371   0.3
138.0   7.984   4.363   3.371   0.3
139.0   7.984   4.363   3.371   0.3
140.0   7.984   4.363   3.371   0.3
141.0   7.984   4.363   3.371   0.3
142.0   7.984   4.363   3.371   0.3
143.0   7.984   4.363   3.371   0.3
144.0   7.984   4.363   3.371   0.3
145.0   7.984   4.363   3.371   0.3
146.0   7.984   4.363   3.371   0.3
147.0   7.984   4.363   3.371   0.3
148.0   7.984   4.363   3.371   0.3
149.0   7.984   4.363   3.371   0.3
150.0   7.963   4.35   3.367   0.2
450.0   9.092   4.874  3.724   0.1
