 0.00    1.5500    0.7750    1.0200 0.5
 2.00    5.5000    2.7500    2.9000 0.5
 7.00    6.8000    3.4000    2.9000 0.5
12.00    8.0900    4.4730    3.3700 0.5
25.00    8.1010    4.4790    3.3810 0.3
40.00    8.0910    4.4730    3.3790 0.3
60.00    8.0790    4.4650    3.3770 0.3
80.00    8.0050    4.3770    3.3750 0.3
115.00   7.9840    4.3630    3.3710 0.3
150.00   7.9630    4.3500    3.3670 0.3
220.00   7.9200    4.3250    3.3590 0.3    
265.00   8.6060    4.6200    3.4640 0.3
400.00   9.0920    4.8740    3.7240 0.3
